year	month	Open	High	Low	Close	Volume	Adj.Close*
1928	10	239.43	260.39	233.6	252.16	42231	252.16
1928	11	252.16	299.35	251.56	293.38	56690	293.38
1928	12	290.8	301.61	254.36	300	42720	300
1929	1	300.31	319.96	292.89	317.51	48036	317.51
1929	2	317.51	324.51	293.4	317.41	43411	317.41
1929	3	317.79	324.4	281.51	308.85	50750	308.85
1929	4	304.21	321.09	294.11	319.29	36768	319.29
1929	5	319.29	331.01	290.02	297.41	40063	297.41
1929	6	299.12	335.25	298.53	331.65	33005	331.65
1929	7	333.79	350.26	332.23	347.7	40768	347.7
1929	8	347.7	383.96	336.13	380.33	42104	380.33
1929	9	380.33	386.1	341.06	343.45	47180	343.45
1929	10	343.45	358.77	212.33	273.51	61217	273.51
1929	11	269.75	269.75	195.35	238.95	44800	238.95
1929	12	238.95	267.56	226.39	248.48	36928	248.48
1930	1	248.48	268.71	241.78	267.14	27736	267.14
1930	2	268.41	275	259.78	271.11	35089	271.11
1930	3	273.24	289.13	268.94	286.1	43152	286.1
1930	4	286.1	297.25	272.24	279.23	51723	279.23
1930	5	279.23	281.95	249.82	275.07	34180	275.07
1930	6	275.07	276.86	207.74	226.34	35428	226.34
1930	7	226.34	243.65	214.64	233.99	21445	233.99
1930	8	233.99	241.35	214.49	240.42	18195	240.42
1930	9	240.42	247.21	201.95	204.9	25276	204.9
1930	10	205.92	216.89	181.53	183.35	28104	183.35
1930	11	184.89	191.28	168.32	180.91	25677	180.91
1930	12	183.39	187.96	154.45	164.58	25204	164.58
1931	1	164.58	175.66	160.09	169.34	18971	169.34
1931	2	167.55	196.96	165.6	190.34	34161	190.34
1931	3	189.66	191.93	170.64	172.36	28168	172.36
1931	4	172.36	174.69	141.78	151.19	25476	151.19
1931	5	151.19	155.65	127.3	128.46	21419	128.46
1931	6	128.4	156.59	119.89	150.18	25381	150.18
1931	7	150.18	156.74	133.7	135.39	14521	135.39
1931	8	136.65	145.05	132.55	139.41	11000	139.41
1931	9	139.41	140.54	95.76	96.61	23990	96.61
1931	10	96.61	109.69	85.51	103.97	21623	103.97
1931	11	105.43	119.15	89.35	93.87	18089	93.87
1931	12	93.38	93.38	71.79	77.9	21627	77.9
1932	1	74.06	87.78	69.85	76.55	15985	76.55
1932	2	76.32	89.84	70.64	81.44	14847	81.44
1932	3	81.44	89.87	72.49	73.28	14000	73.28
1932	4	73.28	74.38	55.37	55.93	14219	55.93
1932	5	56.11	59.76	44.27	44.74	10671	44.74
1932	6	44.74	51.43	42.31	42.84	9636	42.84
1932	7	42.84	54.68	40.56	53.89	11655	53.89
1932	8	54.26	77.01	52.4	73.16	34043	73.16
1932	9	73.16	81.39	64.27	71.56	29785	71.56
1932	10	72.09	72.63	57.67	61.9	13155	61.9
1932	11	61.57	68.27	55.94	56.35	11020	56.35
1932	12	56.35	62.89	55.58	60.26	10538	60.26
1933	1	59.93	65.28	58.87	60.9	8733	60.9
1933	2	60.89	60.89	49.68	51.39	10094	51.39
1933	3	51.39	64.56	50.25	55.4	12512	55.4
1933	4	55.66	75.2	55	73.1	25042	73.1
1933	5	77.66	91.33	75.61	88.11	45595	88.11
1933	6	88.11	100.48	86.48	98.14	54340	98.14
1933	7	101.64	110.53	84.45	90.77	55560	90.77
1933	8	90.77	105.6	89.61	102.41	18947	102.41
1933	9	102.41	107.68	92.44	94.24	20845	94.24
1933	10	94.82	100.58	83.57	88.16	17857	88.16
1933	11	88.16	101.94	86.83	98.14	16080	98.14
1933	12	98.41	103.97	93.7	98.67	16100	98.67
1934	1	99.9	110.06	96.26	107.22	24245	107.22
1934	2	107.94	111.93	102.21	103.46	28611	103.46
1934	3	103.46	105.99	97.41	100.31	13023	100.31
1934	4	101.85	107	100.31	100.49	13719	100.49
1934	5	100.49	101.36	89.1	94	10586	94
1934	6	93.71	101.11	91.7	95.75	7214	95.75
1934	7	95.71	99.35	84.58	88.05	9423	88.05
1934	8	88.55	95.59	86.32	92.86	6908	92.86
1934	9	92.59	94.05	85.72	92.49	6305	92.49
1934	10	92.17	96.36	89.84	93.36	6822	93.36
1934	11	93.36	103.51	92.79	102.94	10278	102.94
1934	12	102.77	104.46	98.93	104.04	10975	104.04
1935	1	104.04	106.71	99.54	101.69	8227	101.69
1935	2	101.69	108.29	99.95	102.38	7444	102.38
1935	3	102.38	103.59	95.95	100.78	7090	100.78
1935	4	100.81	111.52	99.75	109.45	9800	109.45
1935	5	109.45	117.62	107.82	110.64	13345	110.64
1935	6	110.15	121.3	110.15	118.36	10240	118.36
1935	7	118.21	127.04	117.8	126.23	13286	126.23
1935	8	126.23	129.97	124.28	127.35	17786	127.35
1935	9	127.89	135.34	126.43	131.92	16425	131.92
1935	10	131.92	142.08	126.95	139.74	19826	139.74
1935	11	140.07	149.42	139.99	142.34	29494	142.34
1935	12	142.35	145.13	138.33	144.13	20861	144.13
1936	1	144.13	150	141.55	149.49	29304	149.49
1936	2	149.58	155.69	148.32	152.53	30563	152.53
1936	3	152.15	159.87	149.65	156.34	21663	156.34
1936	4	157.04	163.07	141.53	145.67	18461	145.67
1936	5	145.67	153.57	144.18	152.64	9433	152.64
1936	6	152.64	161.15	148.52	157.69	9531	157.69
1936	7	157.69	168.23	154.85	164.86	14556	164.86
1936	8	165.42	170.15	160.52	166.29	11880	166.29
1936	9	166.29	170.72	164.82	167.82	13742	167.82
1936	10	167.82	178.44	167.54	177.15	19328	177.15
1936	11	177.19	186.39	175.35	183.22	26366	183.22
1936	12	183.22	183.59	175.31	179.9	21336	179.9
1937	1	178.39	187.8	176.96	184.74	27555	184.74
1937	2	185.74	191.39	184.85	187.17	25961	187.17
1937	3	187.3	195.59	179.28	186.41	21772	186.41
1937	4	186.41	186.63	168.77	174.27	15318	174.27
1937	5	174.42	176.91	166.2	174.71	8735	174.71
1937	6	172.69	175.4	163.31	169.32	7227	169.32
1937	7	169.32	185.15	169.13	184.01	9485	184.01
1937	8	185.61	189.94	175.09	177.41	7459	177.41
1937	9	176.11	176.11	146.22	154.57	14804	154.57
1937	10	154.57	155.11	115.84	138.48	24775	138.48
1937	11	137.01	137.01	112.54	123.48	14089	123.48
1937	12	123.48	131.15	117.71	120.85	12073	120.85
1938	1	120.85	134.95	118.94	121.87	10752	121.87
1938	2	122.69	132.86	117.13	129.64	7389	129.64
1938	3	129.64	131.03	97.46	98.95	9534	98.95
1938	4	100.95	121.54	100.95	111.66	7030	111.66
1938	5	110.55	120.28	106.44	107.74	6247	107.74
1938	6	107.74	138.19	107.58	133.88	11495	133.88
1938	7	133.88	146.31	133.53	141.2	18075	141.2
1938	8	140.96	145.89	135.38	139.27	8439	139.27
1938	9	139.27	143.42	127.85	141.45	11152	141.45
1938	10	143.13	155.38	142.64	151.73	18695	151.73
1938	11	151.73	158.9	145.21	149.82	13873	149.82
1938	12	149.82	154.94	146.44	154.36	12547	154.36
1939	1	154.76	155.47	136.1	143.76	11409	143.76
1939	2	143.47	148.16	141.92	147.3	7194	147.3
1939	3	147.3	152.71	131.35	131.84	10839	131.84
1939	4	132.83	135.57	120.04	128.38	8826	128.38
1939	5	128.45	139.23	127.53	138.18	5763	138.18
1939	6	137.36	140.75	128.97	130.63	5359	130.63
1939	7	131.73	145.72	131.18	143.26	8520	143.26
1939	8	143.26	145.75	128.6	134.41	7191	134.41
1939	9	134.41	157.77	127.51	150.16	26180	150.16
1939	10	152.36	155.95	148.73	151.88	10904	151.88
1939	11	151.88	153.18	144.85	145.69	9070	145.69
1939	12	145.69	150.7	145.51	149.99	8560	149.99
1940	1	150.45	153.29	143.06	145.33	6931	145.33
1940	2	145.33	150.04	144.69	146.54	6673	146.54
1940	3	146.54	149.45	145.08	147.54	7535	147.54
1940	4	147.95	152.09	145.86	148.43	11386	148.43
1940	5	148.14	148.7	110.51	116.22	16500	116.22
1940	6	115.67	125.31	110.41	122.06	7675	122.06
1940	7	121.77	127.18	120.14	126.14	3377	126.14
1940	8	126.14	129.18	120.9	128.88	3318	128.88
1940	9	129.42	135.48	127.22	132.64	5735	132.64
1940	10	133.04	135.86	129.47	134.61	6517	134.61
1940	11	134.61	138.77	129.13	130.03	10427	130.03
1940	12	131	133	127.83	131.13	8261	131.13
1941	1	131.13	134.27	123.86	124.13	5722	124.13
1941	2	123.28	125.27	117.43	121.97	4473	121.97
1941	3	121.65	124.35	119.98	122.72	4533	122.72
1941	4	122.87	125.28	115.33	115.54	5104	115.54
1941	5	115.54	118.45	114.78	116.23	4304	116.23
1941	6	115.76	125.14	115.52	123.14	4814	123.14
1941	7	123.14	131.1	122.54	128.79	8040	128.79
1941	8	128.68	128.68	124.66	127.43	4780	127.43
1941	9	127.77	130	125.33	126.82	6233	126.82
1941	10	126.82	127.2	117.4	117.82	5813	117.82
1941	11	118.11	120.34	114.1	114.66	8370	114.66
1941	12	114.23	117.54	105.52	110.96	16009	110.96
1942	1	110.96	114.96	108.3	109.41	5633	109.41
1942	2	109.11	111.04	104.67	106.58	4133	106.58
1942	3	106.49	107.16	98.32	99.53	3690	99.53
1942	4	99.53	102.75	92.69	95.35	3442	95.35
1942	5	95.35	101.5	95.08	100.88	3271	100.88
1942	6	100.96	106.63	100.93	103.34	3259	103.34
1942	7	103.29	109.49	102.27	105.72	3617	105.72
1942	8	105.9	107.88	104.5	106.33	3328	106.33
1942	9	106.33	109.98	105.58	109.11	4347	109.11
1942	10	109.16	116.01	109.16	113.5	6995	113.5
1942	11	114.07	118.18	113.46	114.5	6955	114.5
1942	12	114.5	120.19	114.08	119.4	8654	119.4
1943	1	119.93	125.71	118.84	125.41	8555	125.41
1943	2	125.58	130.43	124.69	129.71	12805	129.71
1943	3	130.11	137.2	127.91	136.57	15504	136.57
1943	4	136.57	137.45	129.79	135.48	15204	135.48
1943	5	136.2	141.58	136.08	141.18	16160	141.18
1943	6	142.06	143.7	138.07	143.38	10168	143.38
1943	7	143.38	146.41	136.72	137.25	11904	137.25
1943	8	135.95	138.83	133.87	136.62	6295	136.62
1943	9	136.65	142.5	136.37	140.12	6704	140.12
1943	10	140.12	140.63	135.92	138.29	6590	138.29
1943	11	138.27	138.96	128.94	129.57	9205	129.57
1943	12	129.76	136.73	129.76	135.89	8395	135.89
1944	1	135.89	138.89	135.51	137.4	7900	137.4
1944	2	137.4	137.69	134.1	136.3	8470	136.3
1944	3	136.3	141.43	135.86	138.84	11413	138.84
1944	4	138.66	139.45	134.75	136.21	6821	136.21
1944	5	136.23	142.44	136.18	142.24	7772	142.24
1944	6	142.24	149.15	140.9	148.38	16700	148.38
1944	7	148.46	150.88	145.26	146.11	12910	146.11
1944	8	146.11	149.28	144.48	146.99	8926	146.99
1944	9	146.99	147.47	142.53	146.31	7675	146.31
1944	10	146.73	149.2	145.33	146.53	7995	146.53
1944	11	146.53	148.39	145.17	147.33	8975	147.33
1944	12	147.33	152.75	146.76	151.93	14420	151.93
1945	1	152.32	156.68	150.53	153.67	16859	153.67
1945	2	153.67	160.85	153.22	160.4	17627	160.4
1945	3	160.4	162.22	151.74	154.06	12166	154.06
1945	4	154.51	165.71	154.51	165.44	13280	165.44
1945	5	165.44	169.53	162.6	168.3	13786	168.3
1945	6	168.3	169.55	163.78	164.57	18561	164.57
1945	7	165.39	167.79	159.95	162.88	9933	162.88
1945	8	162.88	174.54	161.14	174.29	10847	174.29
1945	9	174.29	180.8	173.23	180.11	12663	180.11
1945	10	181.93	187.55	181.93	186.6	16400	186.6
1945	11	187.02	192.95	186.44	191.46	20178	191.46
1945	12	192.4	196.59	187.51	192.91	16268	192.91
1946	1	192.65	206.59	189.77	204.67	22200	204.67
1946	2	204.67	207.49	184.05	190.09	17777	190.09
1946	3	190.09	201.85	186.77	199.56	11523	199.56
1946	4	199.75	209.36	198.47	206.77	14180	206.77
1946	5	206.59	213.36	199.26	212.28	13618	212.28
1946	6	212.28	212.48	198.98	205.62	11365	205.62
1946	7	205.79	208.59	194.33	201.56	9827	201.56
1946	8	201.56	205.01	187.26	189.19	9995	189.19
1946	9	188.21	188.21	164.09	172.42	22270	172.42
1946	10	172.42	177.05	160.49	169.15	13552	169.15
1946	11	169.5	175.78	162.29	169.78	12300	169.78
1946	12	169.07	178.58	166.2	177.2	13847	177.2
1947	1	177.2	181.34	170.13	180.44	10340	180.44
1947	2	180.88	184.96	176.34	178.9	11700	178.9
1947	3	179.29	182.48	171.94	177.2	8580	177.2
1947	4	177.2	178.28	165.39	170.64	9328	170.64
1947	5	170.64	175.08	161.38	169.25	9447	169.25
1947	6	168.66	178.08	167.43	177.3	8642	177.3
1947	7	177.48	187.66	177.48	183.18	11954	183.18
1947	8	183.18	184.38	176.54	178.85	7023	178.85
1947	9	178.85	180.56	174.02	177.49	8090	177.49
1947	10	177.49	186.24	176.89	181.81	12600	181.81
1947	11	182.48	183.97	179.3	179.51	9241	179.51
1947	12	179.4	181.82	175.19	181.16	12250	181.16
1948	1	181.16	181.69	170.7	174.76	9461	174.76
1948	2	175.05	176.05	164.07	166.8	9100	166.8
1948	3	167.46	177.61	165.03	177.2	10195	177.2
1948	4	177.2	184.48	175.96	180.51	15286	180.51
1948	5	180.28	192.31	179.47	190.74	19740	190.74
1948	6	190.74	194.49	186.56	189.46	14513	189.46
1948	7	189.46	192.38	179.58	181.33	12338	181.33
1948	8	181.33	184.54	177.4	181.71	7118	181.71
1948	9	181.71	185.64	175.84	178.3	9123	178.3
1948	10	178.3	190.88	178.22	188.28	9675	188.28
1948	11	188.62	190.45	170.35	171.2	14526	171.2
1948	12	171.67	179.15	171.67	177.3	12217	177.3
1949	1	176.99	182.5	174.37	179.12	8685	179.12
1949	2	179.12	180.94	170.56	173.06	8684	173.06
1949	3	173.36	179.19	172.59	177.1	9034	177.1
1949	4	177.04	177.78	172.26	174.06	9160	174.06
1949	5	174.16	177.18	168.14	168.36	8857	168.36
1949	6	168.36	168.98	160.62	167.42	8350	167.42
1949	7	167.42	177.04	166.94	175.92	9710	175.92
1949	8	175.92	182.67	175.68	178.66	9791	178.66
1949	9	178.66	184.09	177.63	182.51	11880	182.51
1949	10	181.98	191.44	180.9	189.54	13980	189.54
1949	11	189.54	194.35	186.98	191.55	14026	191.55
1949	12	191.55	200.91	191.12	200.52	18066	200.52
1950	1	200.13	202.92	193.94	201.79	19266	201.79
1950	2	201.79	205.39	200.59	203.44	17505	203.44
1950	3	203.44	211.22	201.14	206.05	17100	206.05
1950	4	206.37	216.32	205.93	213.56	23589	213.56
1950	5	214.33	224.24	214.06	223.42	19890	223.42
1950	6	223.42	229.2	206.03	209.11	21963	209.11
1950	7	209.11	212.19	195.4	209.4	23080	209.4
1950	8	209.56	222.17	209.55	216.87	17408	216.87
1950	9	217.12	228.17	217.12	226.36	20195	226.36
1950	10	226.46	232.75	223.59	225.01	22476	225.01
1950	11	225.01	236.63	220.59	227.6	21460	227.6
1950	12	227.6	236.52	221.31	235.42	29355	235.42
1951	1	235.41	250.56	234.93	248.83	30800	248.83
1951	2	248.83	257.06	247.04	252.05	21611	252.05
1951	3	252.05	254.42	242.06	248.53	15990	248.53
1951	4	247.82	260.83	244.98	259.13	15971	259.13
1951	5	259.13	264.44	241.89	249.65	16995	249.65
1951	6	249.65	255.23	240.72	242.64	18071	242.64
1951	7	242.64	262.21	241.06	257.86	14066	257.86
1951	8	257.86	271.64	256.81	270.25	15286	270.25
1951	9	270.25	277.51	269.08	271.16	19900	271.16
1951	10	271.16	277.3	256.39	262.35	18518	262.35
1951	11	262.35	265.82	254.91	261.27	13215	261.27
1951	12	262.29	270	261.73	269.23	14500	269.23
1952	1	269.23	276.26	266.34	270.69	16513	270.69
1952	2	270.69	272.91	257.44	260.08	13778	260.08
1952	3	260.27	270.4	258.95	269.46	13457	269.46
1952	4	269.46	269.81	257.04	257.63	13361	257.63
1952	5	257.44	265.17	254.7	262.94	11214	262.94
1952	6	262.94	274.97	260.83	274.26	12814	274.26
1952	7	274.26	280.25	271.73	279.56	11513	279.56
1952	8	279.56	281.47	272.28	275.04	10371	275.04
1952	9	275.1	278.16	267.08	270.61	12009	270.61
1952	10	270.61	272.36	262.01	269.23	12590	269.23
1952	11	269.23	284.65	268.79	283.66	19041	283.66
1952	12	283.66	293.5	280.68	291.9	19331	291.9
1953	1	291.9	295.06	284.29	289.77	17057	289.77
1953	2	289.77	290.94	279.72	284.27	17866	284.27
1953	3	284.27	291.96	277.57	279.87	20740	279.87
1953	4	279.87	281.81	269.25	274.75	16909	274.75
1953	5	274.75	280.01	270.65	272.28	12690	272.28
1953	6	272.28	272.64	260.75	268.26	12227	268.26
1953	7	268.26	275.85	266.96	275.38	10243	275.38
1953	8	275.38	278.3	260.83	261.22	12419	261.22
1953	9	261.22	266.61	254.36	264.04	13376	264.04
1953	10	264.04	277.04	262.45	275.81	12909	275.81
1953	11	275.81	282.46	273.01	281.37	15888	281.37
1953	12	281.37	285.2	275.91	280.9	17563	280.9
1954	1	280.9	294.56	278.91	292.39	17685	292.39
1954	2	292.39	295.43	287.37	294.54	18510	294.54
1954	3	294.54	305.15	294.23	303.51	20321	303.51
1954	4	303.51	321.71	301.7	319.33	21880	319.33
1954	5	319.33	328.93	316.45	327.49	21920	327.49
1954	6	327.49	338.78	315.66	333.53	20081	333.53
1954	7	333.53	349.21	330.68	347.92	26019	347.92
1954	8	347.92	352.27	333.21	335.8	27063	335.8
1954	9	335.8	366.02	334.97	360.46	20504	360.46
1954	10	360.46	366.4	350.72	352.14	21938	352.14
1954	11	352.14	391.21	350.16	386.77	33225	386.77
1954	12	386.77	407.17	381.81	404.39	36509	404.39
1955	1	404.39	412.47	385.65	408.83	37214	408.83
1955	2	408.83	416.55	403.51	411.87	33384	411.87
1955	3	411.87	421.83	387.5	409.7	29765	409.7
1955	4	409.78	432.76	409.78	425.65	28010	425.65
1955	5	425.65	428.27	412.6	424.86	22590	424.86
1955	6	424.86	453.48	422.48	451.38	27495	451.38
1955	7	451.38	471.73	449.5	465.85	25270	465.85
1955	8	465.85	469.51	445.67	468.18	18978	468.18
1955	9	468.18	489.94	446.74	466.62	29628	466.62
1955	10	465.4	465.4	433.19	454.87	20928	454.87
1955	11	454.87	490.75	452.12	483.26	24630	483.26
1955	12	483.26	490.56	478.32	488.4	25623	488.4
1956	1	488.4	490.92	458.21	470.74	23361	470.74
1956	2	470.74	491.09	463.89	483.65	25135	483.65
1956	3	483.65	515.86	483.63	511.79	30376	511.79
1956	4	511.79	524.37	500.99	516.12	27061	516.12
1956	5	516.12	519.8	463.85	478.05	25104	478.05
1956	6	478.05	494.82	467.99	492.78	18552	492.78
1956	7	492.78	519.97	488.36	517.81	22938	517.81
1956	8	517.81	523.33	492.19	502.04	20030	502.04
1956	9	502.04	512.68	474.23	475.25	20494	475.25
1956	10	475.25	494.11	463.83	479.85	18513	479.85
1956	11	480.23	500.52	460.41	472.78	22925	472.78
1956	12	474.26	501.56	474.26	499.47	26321	499.47
1957	1	499.47	502.57	471.06	479.16	22754	479.16
1957	2	479.16	479.76	453.07	464.62	20605	464.62
1957	3	464.62	477.58	463.66	474.81	17747	474.81
1957	4	474.81	497.22	473.09	494.36	24042	494.36
1957	5	494.36	508.87	492.29	504.93	24822	504.93
1957	6	504.93	516.81	492.87	503.29	22620	503.29
1957	7	503.29	523.11	500.75	508.52	22754	508.52
1957	8	508.52	509.98	469.03	484.35	19540	484.35
1957	9	484.35	487.59	452.19	456.3	19205	456.3
1957	10	456.3	468.15	416.15	441.04	28752	441.04
1957	11	438.76	452.49	425.46	449.87	26810	449.87
1957	12	449.87	452.16	423.86	435.69	28338	435.69
1958	1	435.69	453.63	434.37	450.02	23572	450.02
1958	2	450.02	459.77	434.04	439.92	20885	439.92
1958	3	439.92	457.27	439.24	446.76	23204	446.76
1958	4	446.76	458.33	437.25	455.86	25319	455.86
1958	5	455.86	465.32	453.84	462.7	26880	462.7
1958	6	462.7	482.11	462.7	478.18	28300	478.18
1958	7	478.18	508.39	472.07	502.99	33577	502.99
1958	8	502.99	514.44	499.82	508.63	30742	508.63
1958	9	508.63	535	508.39	532.09	36238	532.09
1958	10	532.09	549.71	527.68	543.22	43017	543.22
1958	11	543.22	572.05	538.43	557.46	43594	557.46
1958	12	557.46	587.44	553.7	583.65	38052	583.65
1959	1	583.65	601.74	580.54	593.96	41352	593.96
1959	2	593.96	607.61	571.73	603.5	36889	603.5
1959	3	603.5	618.8	599.21	601.71	40595	601.71
1959	4	601.71	635.29	599.65	623.75	36068	623.75
1959	5	623.75	647.24	611.68	643.79	35114	643.79
1959	6	643.79	648.65	613.11	643.6	30686	643.6
1959	7	643.6	678.67	643.6	674.88	33259	674.88
1959	8	674.88	683.9	639.34	664.41	25328	664.41
1959	9	664.41	664.95	613.3	631.68	28738	631.68
1959	10	631.68	649.4	624.55	646.6	29495	646.6
1959	11	646.6	661.23	630.99	659.18	35878	659.18
1959	12	659.97	682.72	658.48	679.36	34554	679.36
1960	1	679.36	688.21	619.51	622.62	33490	622.62
1960	2	622.62	640.3	603.34	630.12	31745	630.12
1960	3	630.12	632.65	596.2	616.59	29739	616.59
1960	4	616.59	637.16	598.35	601.7	30075	601.7
1960	5	601.7	631.44	596.61	625.5	34542	625.5
1960	6	625.5	663.64	620.61	640.62	36100	640.62
1960	7	640.62	650.1	597.3	616.73	28295	616.73
1960	8	616.73	645.3	600.28	625.99	29765	625.99
1960	9	625.99	630.95	565.49	580.14	30576	580.14
1960	10	580.14	600.03	564.23	580.36	27061	580.36
1960	11	580.36	614.09	579.43	597.22	32545	597.22
1960	12	597.22	621.33	589.82	615.89	39347	615.89
1961	1	615.89	655.18	606.09	648.2	44619	648.2
1961	2	648.2	667.03	632.81	662.08	51873	662.08
1961	3	662.08	685.32	656.36	676.63	54845	676.63
1961	4	676.63	700.75	671.64	678.71	52735	678.71
1961	5	678.71	714.69	672.98	696.72	48219	696.72
1961	6	696.72	708.88	673.49	683.96	34304	683.96
1961	7	683.96	709.75	674.8	705.37	32005	705.37
1961	8	705.37	730.17	702.21	719.94	36700	719.94
1961	9	719.94	733.53	688.87	701.21	33440	701.21
1961	10	701.21	714.07	693.12	703.92	34695	703.92
1961	11	703.92	741.3	700.12	721.6	45990	721.6
1961	12	721.6	739.88	714.6	731.14	43875	731.14
1962	1	731.14	734.38	686.89	700	38468	700
1962	2	700	721.39	696.07	708.05	36400	708.05
1962	3	708.05	727.14	703.27	706.95	32450	706.95
1962	4	706.95	709.74	661.48	665.33	34695	665.33
1962	5	665.33	679.2	553.75	613.36	55336	613.36
1962	6	613.36	616.54	524.55	561.28	49942	561.28
1962	7	561.28	601.15	557.31	597.93	37309	597.93
1962	8	597.64	622.02	582.12	609.18	36186	609.18
1962	9	609.18	612.44	572.16	578.98	34600	578.98
1962	10	578.98	594.79	549.65	589.77	35556	589.77
1962	11	589.77	655.95	582.66	649.3	50295	649.3
1962	12	649.3	658.78	636.88	652.1	43145	652.1
1963	1	652.1	686.91	643.57	682.85	48290	682.85
1963	2	682.85	694.27	661.27	662.94	43794	662.94
1963	3	662.94	687.37	656.66	682.52	37214	682.52
1963	4	682.52	721.92	680.55	717.7	52842	717.7
1963	5	717.7	730.43	708.16	726.96	49886	726.96
1963	6	726.96	732.97	702.42	706.88	46800	706.88
1963	7	706.88	719.02	684.41	695.43	36486	695.43
1963	8	695.43	731.68	691.23	729.32	43731	729.32
1963	9	729.32	753.04	728.63	732.79	55175	732.79
1963	10	732.79	767.24	732.49	755.23	55386	755.23
1963	11	755.23	759.56	710.83	750.52	54888	750.52
1963	12	750.52	773.07	746.78	762.95	50185	762.95
1964	1	762.95	791.63	760.34	785.34	54827	785.34
1964	2	785.34	803.46	777.99	800.14	48994	800.14
1964	3	800.14	824.72	798.05	813.29	56680	813.29
1964	4	813.29	831.63	807.18	810.77	58718	810.77
1964	5	810.77	836.06	808.55	820.56	51855	820.56
1964	6	820.56	835.9	796.9	831.5	45686	831.5
1964	7	831.5	855.19	829.3	841.1	48550	841.1
1964	8	841.1	847.19	820.78	838.48	40771	838.48
1964	9	838.48	880.24	836.56	875.37	54519	875.37
1964	10	875.37	886.28	861.42	873.08	50304	873.08
1964	11	873.08	897	866.8	875.43	51857	875.43
1964	12	875.43	881.35	850.19	874.13	50218	874.13
1965	1	874.13	907.79	865.1	902.86	58035	902.86
1965	2	902.86	911.8	877.48	903.48	62147	903.48
1965	3	903.48	907.88	884.68	889.05	56217	889.05
1965	4	889.05	925.42	886.84	922.31	59195	922.31
1965	5	922.31	944.82	904.82	918.04	57230	918.04
1965	6	918.04	921.85	832.74	868.03	61404	868.03
1965	7	868.03	889.98	857.71	881.74	43023	881.74
1965	8	881.74	901.88	874.78	893.1	51927	893.1
1965	9	893.1	944.96	886.96	930.58	78023	930.58
1965	10	930.58	967.46	923.23	960.82	81585	960.82
1965	11	960.82	969.98	937.24	946.71	78050	946.71
1965	12	946.71	976.61	924.44	969.26	90131	969.26
1966	1	969.26	1000.55	961.91	983.51	90814	983.51
1966	2	983.51	1001.11	946.1	951.89	92473	951.89
1966	3	951.89	955.17	905.4	924.77	86108	924.77
1966	4	924.77	961.91	921.77	933.68	96690	933.68
1966	5	933.68	939.64	859.13	884.07	84314	884.07
1966	6	884.07	910.35	858.9	870.1	67136	870.1
1966	7	870.1	901.16	843.76	847.38	62480	847.38
1966	8	846.6	860.57	759.52	788.41	74400	788.41
1966	9	788.41	822.93	763.36	774.22	60095	774.22
1966	10	774.22	816.64	735.74	807.07	72414	807.07
1966	11	807.07	827.33	784.79	791.59	76505	791.59
1966	12	791.59	827.22	779.34	785.69	84000	785.69
1967	1	785.69	857.02	776.16	849.89	104261	849.89
1967	2	849.89	871.71	827.95	839.37	101536	839.37
1967	3	839.37	883.41	835.3	865.98	105804	865.98
1967	4	865.98	903.73	838.98	897.05	99425	897.05
1967	5	897.05	915.87	850.39	852.56	103313	852.56
1967	6	852.56	892.8	836.92	860.26	100200	860.26
1967	7	860.26	918.69	853.21	904.24	113530	904.24
1967	8	904.24	933.14	887.83	901.29	94191	901.29
1967	9	901.29	951.57	894.19	926.66	107335	926.66
1967	10	926.66	940.36	876.21	879.74	107636	879.74
1967	11	879.74	894.88	839.4	875.81	110145	875.81
1967	12	875.81	910.37	868.76	905.11	122205	905.11
1968	1	905.11	921.87	850.5	855.47	123718	855.47
1968	2	855.47	871.3	826.46	840.5	95831	840.5
1968	3	840.5	854.25	817.61	840.67	96004	840.67
1968	4	849.23	918.11	849.23	912.22	154900	912.22
1968	5	912.22	935.68	885.53	899	138668	899
1968	6	899	924.93	891.48	897.8	158429	897.8
1968	7	897.8	933.83	876.99	883	148647	883
1968	8	883	902.35	863.33	896.01	112311	896.01
1968	9	896.01	945.86	892.59	935.79	142300	935.79
1968	10	935.79	974.27	932.93	952.39	161027	952.39
1968	11	952.39	989.56	936.54	985.08	156611	985.08
1968	12	985.08	994.65	936.66	943.75	155894	943.75
1969	1	943.75	960.16	915.53	946.05	126645	946.05
1969	2	946.05	959.16	895.39	905.21	120266	905.21
1969	3	905.21	941.38	895.76	935.48	105770	935.48
1969	4	935.48	956.28	908.81	950.18	122038	950.18
1969	5	950.18	974.92	928.58	937.56	127785	937.56
1969	6	937.56	938.73	862.46	873.19	116080	873.19
1969	7	873.19	893.87	788.07	815.47	115433	815.47
1969	8	815.6	843.72	800.62	836.72	100252	836.72
1969	9	836.72	845.96	804.45	813.09	108728	813.09
1969	10	813.09	868	793.95	855.99	140526	855.99
1969	11	855.99	871.77	800.36	812.3	116921	812.3
1969	12	812.3	816.39	764.45	800.36	132604	800.36
1970	1	800.36	819.23	739.11	744.06	111147	744.06
1970	2	744.06	784.19	738.78	777.59	126984	777.59
1970	3	777.59	803.26	757.99	785.57	105357	785.57
1970	4	785.57	798.84	716.74	736.07	105909	736.07
1970	5	736.07	740.76	627.46	700.44	129928	700.44
1970	6	700.44	728.23	674.9	683.53	107136	683.53
1970	7	683.53	743.36	665.32	734.12	108809	734.12
1970	8	734.12	772.04	702.83	764.58	109252	764.58
1970	9	764.58	778.27	741.51	760.68	151485	760.68
1970	10	760.68	791.07	746.71	755.61	123586	755.61
1970	11	755.61	797.51	749.52	794.09	123995	794.09
1970	12	794.09	848.23	787.45	838.92	158468	838.92
1971	1	838.92	873.84	826.53	868.5	184725	868.5
1971	2	868.5	898.14	861.99	878.83	204442	878.83
1971	3	878.83	922.3	873.22	904.37	177169	904.37
1971	4	904.37	958.12	897.48	941.75	199557	941.75
1971	5	941.75	948.85	898.61	907.81	159560	907.81
1971	6	907.81	929.6	866.31	891.14	145000	891.14
1971	7	891.14	908.81	854.41	858.43	132480	858.43
1971	8	858.43	917.79	834.92	898.07	150431	898.07
1971	9	898.07	925.67	877.48	887.19	126766	887.19
1971	10	887.19	910.56	827.83	839	138947	839
1971	11	839	855.21	790.67	831.34	140347	831.34
1971	12	831.34	902.47	831.12	890.2	178054	890.2
1972	1	890.2	923.99	882.75	902.17	189400	902.17
1972	2	902.17	933.25	894.34	928.13	198290	928.13
1972	3	928.13	957.03	924.14	940.7	190004	940.7
1972	4	940.7	977.72	933.62	954.17	191075	954.17
1972	5	954.17	979.46	917.37	960.72	159581	960.72
1972	6	960.72	967.72	917.75	929.03	148804	929.03
1972	7	929.03	955.45	900.06	924.74	150010	924.74
1972	8	924.74	980.36	922.03	963.73	160552	963.73
1972	9	963.73	977.35	927.15	953.27	131220	953.27
1972	10	953.27	964.1	917.07	955.52	151250	955.52
1972	11	955.52	1029.73	955.3	1018.21	212455	1018.21
1972	12	1018.21	1042.44	996.09	1020.02	195936	1020.02
1973	1	1022.88	1067.2	988.11	999.02	194580	999.02
1973	2	999.02	1019.94	938.82	955.07	176915	955.07
1973	3	955.07	985.25	911.12	951.01	162336	951.01
1973	4	951.01	975.32	907.51	921.43	146405	921.43
1973	5	921.43	965.16	875.45	901.41	158840	901.41
1973	6	901.41	935.58	864.46	891.71	133080	891.71
1973	7	890.2	944.08	863.94	926.4	153004	926.4
1973	8	924.37	924.37	845.5	887.57	123908	887.57
1973	9	887.57	964.55	873.34	947.1	181773	947.1
1973	10	947.1	997.59	937.69	956.58	191647	956.58
1973	11	956.58	963.8	810.36	822.25	197752	822.25
1973	12	820.51	861.09	783.56	850.86	203925	850.86
1974	1	850.86	890.38	816.57	855.55	171440	855.55
1974	2	855.55	871.4	795.68	860.53	142363	860.53
1974	3	860.53	904.02	841.76	846.68	153214	846.68
1974	4	846.68	875.94	818.68	836.75	126309	836.75
1974	5	836.75	870.38	788.8	802.17	129981	802.17
1974	6	802.17	865.54	796.46	802.41	128675	802.41
1974	7	802.41	811.95	753.13	757.43	129568	757.43
1974	8	757.43	803.43	651.6	678.58	134695	678.58
1974	9	678.58	686.48	598.8	607.87	147525	607.87
1974	10	607.87	689.3	573.22	665.52	172147	665.52
1974	11	665.52	692.82	599.81	618.66	147095	618.66
1974	12	616.08	619.84	570.01	616.24	160057	616.24
1975	1	619.13	717.3	619.13	703.69	207813	703.69
1975	2	703.69	757.35	695.24	739.05	232210	739.05
1975	3	739.05	796.93	731.46	768.15	234940	768.15
1975	4	768.15	835.18	736.62	821.34	213368	821.34
1975	5	821.34	868.58	807.96	832.29	228647	832.29
1975	6	835.73	884.62	811.23	878.99	222109	878.99
1975	7	878.99	888.85	819.15	831.51	207372	831.51
1975	8	831.51	844.02	785.75	835.34	141404	835.34
1975	9	835.34	849.03	789.66	793.88	136971	793.88
1975	10	793.88	859.57	780.54	836.04	164543	836.04
1975	11	836.04	865.79	821.08	860.67	174568	860.67
1975	12	860.67	866.11	812.81	852.41	166336	852.41
1976	1	852.41	985.99	848.63	975.28	321114	975.28
1976	2	975.28	1002.83	946.16	972.61	327931	972.61
1976	3	972.61	1018.03	964.18	999.45	237878	999.45
1976	4	999.45	1017.71	963	996.85	193709	996.85
1976	5	995.83	1015.82	955.84	975.23	186385	975.23
1976	6	975.23	1012.93	951.7	1002.78	200481	1002.78
1976	7	1002.78	1017.93	974.2	984.64	194566	984.64
1976	8	984.64	1004.74	954.12	973.74	164618	973.74
1976	9	973.74	1026.26	971.24	990.19	204500	990.19
1976	10	990.19	995.6	928.27	964.93	180200	964.93
1976	11	964.93	971.99	917.89	947.22	199025	947.22
1976	12	947.22	1006.82	942.24	1004.65	251690	1004.65
1977	1	1004.65	1007.81	944.9	954.37	249780	954.37
1977	2	954.37	963.76	926.03	936.42	218242	936.42
1977	3	936.42	971.58	914.15	919.13	196173	919.13
1977	4	919.55	956.07	909.74	926.9	210695	926.9
1977	5	926.9	949.46	892.55	898.66	211247	898.66
1977	6	898.66	934.36	896.46	916.3	229345	916.3
1977	7	916.3	927.84	878.81	890.07	248857	890.07
1977	8	890.07	900.03	844.42	861.49	196839	861.49
1977	9	861.49	879.76	830.3	847.11	192780	847.11
1977	10	847.11	855.57	792.79	818.35	205019	818.35
1977	11	816.01	850.05	794.53	829.7	246357	829.7
1977	12	829.7	835.15	800.42	831.17	225966	831.17
1978	1	830.47	830.47	759.44	769.92	213338	769.92
1978	2	769.92	787.42	739.17	742.12	204394	742.12
1978	3	742.12	777.81	736.75	757.36	235322	757.36
1978	4	756.67	846.15	747.05	837.32	364225	837.32
1978	5	837.32	865.64	813.84	840.61	365827	840.61
1978	6	840.61	879.33	807.95	818.95	311086	818.95
1978	7	818.95	866.34	800.94	862.27	287740	862.27
1978	8	862.27	911.21	855.34	876.82	390782	876.82
1978	9	876.82	917.24	850.92	865.82	347950	865.82
1978	10	865.82	909.39	782.05	792.45	329572	792.45
1978	11	805.53	831.69	779.11	799.03	254528	799.03
1978	12	801.98	829.87	781.01	805.01	261235	805.01
1979	1	805.01	865.04	798.51	839.22	293663	839.22
1979	2	839.22	843.99	802.23	808.82	263578	808.82
1979	3	808.82	876.99	807.26	862.18	308986	862.18
1979	4	859.93	884.62	847.28	854.9	323545	854.9
1979	5	854.9	863.22	815.14	822.33	297290	822.33
1979	6	822.33	853.06	817.74	841.98	366857	841.98
1979	7	840.61	857	818	846.42	340523	846.42
1979	8	846.42	893.6	839.08	887.63	370182	887.63
1979	9	887.63	902.13	857.85	878.58	394678	878.58
1979	10	877.73	904.86	795.99	815.7	385091	815.7
1979	11	815.7	838.57	792.24	822.35	325776	822.35
1979	12	822.35	851.54	814.76	838.74	370870	838.74
1980	1	838.74	897.87	809.04	875.85	556427	875.85
1980	2	875.85	918.17	847.27	863.14	497670	863.14
1980	3	863.14	868.69	729.95	785.75	434423	785.75
1980	4	785.75	818.52	751.37	817.06	335709	817.06
1980	5	817.06	866.13	795.82	850.85	380828	850.85
1980	6	850.85	896.33	840.7	867.92	409319	867.92
1980	7	867.92	946.93	862.63	935.32	489263	935.32
1980	8	935.32	972.35	918.52	932.59	475795	932.59
1980	9	932.59	980.72	918	932.42	522857	932.42
1980	10	932.42	987.29	911.6	924.49	466043	924.49
1980	11	924.49	1009.39	924.49	993.34	567972	993.34
1980	12	991.13	991.13	894.45	963.99	484936	963.99
1981	1	963.99	1013.14	930.89	947.27	474609	947.27
1981	2	947.1	980.87	923.89	974.58	457642	974.58
1981	3	974.58	1021.79	955.71	1003.87	557050	1003.87
1981	4	1003.87	1030.98	981.81	997.75	557828	997.75
1981	5	997.75	1005.22	956.68	991.75	478505	991.75
1981	6	991.75	1023.02	972.69	976.88	519327	976.88
1981	7	976.88	978.98	918.66	952.34	453386	952.34
1981	8	952.34	961.47	879.09	881.47	457576	881.47
1981	9	881.47	892.41	807.46	849.98	476114	849.98
1981	10	849.98	885.84	823.63	852.55	480513	852.55
1981	11	855.97	892.79	834.57	888.98	517750	888.98
1981	12	888.98	898.5	862.82	875	454659	875
1982	1	875	887.37	832.57	871.1	520870	871.1
1982	2	866.34	866.34	802.23	824.39	534752	824.39
1982	3	824.39	840.66	786.15	822.77	570430	822.77
1982	4	822.77	871.19	820.49	848.36	564138	848.36
1982	5	848.36	876.52	815.54	819.54	535180	819.54
1982	6	819.54	824.3	784.25	811.93	534459	811.93
1982	7	811.93	843.8	787.39	808.6	564028	808.6
1982	8	808.6	910.96	769.98	901.31	799604	901.31
1982	9	901.31	951.16	888.7	896.25	766976	896.25
1982	10	896.25	1051.88	892.02	991.72	1020661	991.72
1982	11	991.72	1078.46	983.72	1039.28	928814	1039.28
1982	12	1039.28	1077.91	983.35	1046.54	783722	1046.54
1983	1	1046.54	1105.13	1013.43	1075.7	916542	1075.7
1983	2	1075.7	1135.26	1046.82	1112.16	894315	1112.16
1983	3	1112.16	1158.48	1105.07	1130.03	870647	1130.03
1983	4	1130.03	1235.49	1102.17	1226.2	946310	1226.2
1983	5	1225.43	1244.49	1174.25	1199.98	965257	1199.98
1983	6	1199.98	1260.72	1176.78	1221.96	931895	1221.96
1983	7	1221.96	1258.51	1179.79	1199.22	842705	1199.22
1983	8	1199.22	1219.82	1152.14	1216.16	777056	1216.16
1983	9	1216.16	1270.73	1197.36	1233.13	862223	1233.13
1983	10	1233.13	1286.69	1214.63	1225.2	892419	1225.2
1983	11	1225.2	1296.95	1208.74	1276.02	921304	1276.02
1983	12	1276.02	1285.47	1231.2	1258.64	914619	1258.64
1984	1	1258.64	1295.44	1209.59	1220.58	1109128	1220.58
1984	2	1220.58	1226.55	1114.95	1154.63	1012810	1154.63
1984	3	1154.63	1197.24	1131.7	1164.89	875686	1164.89
1984	4	1164.89	1182.06	1117.25	1170.75	895135	1170.75
1984	5	1170.75	1194.41	1083.19	1104.85	918836	1104.85
1984	6	1106.25	1144.83	1079.39	1132.4	906495	1132.4
1984	7	1132.4	1139.47	1078.95	1115.28	832909	1115.28
1984	8	1115.28	1253.75	1114.95	1224.38	1123643	1224.38
1984	9	1222.39	1248.23	1189.82	1206.71	972426	1206.71
1984	10	1206.71	1246.02	1158.24	1207.38	957443	1207.38
1984	11	1207.38	1247.46	1180.76	1188.94	873742	1188.94
1984	12	1188.94	1223.61	1154.7	1211.57	930630	1211.57
1985	1	1211.57	1305.1	1178.67	1286.77	1275550	1286.77
1985	2	1286.11	1307.53	1263.91	1284.01	1208063	1284.01
1985	3	1284.01	1309.96	1242.82	1266.78	1073566	1266.78
1985	4	1266.78	1290.3	1245.8	1258.06	996990	1258.06
1985	5	1258.06	1320.79	1235.53	1315.41	1129290	1315.41
1985	6	1315.41	1341.17	1285.39	1335.46	1111100	1335.46
1985	7	1335.46	1372.2	1313.4	1347.45	1176031	1347.45
1985	8	1347.45	1361.9	1303.65	1334.01	911281	1334.01
1985	9	1334.01	1348.23	1283.71	1328.63	1033557	1328.63
1985	10	1328.63	1384.63	1315.19	1374.31	1158582	1374.31
1985	11	1374.31	1486.93	1367.78	1472.13	1264715	1472.13
1985	12	1472.13	1570.87	1450.34	1546.67	1389085	1546.67
1986	1	1546.67	1582.91	1491.74	1570.99	1373868	1570.99
1986	2	1570.99	1732.57	1564.33	1709.06	1626736	1709.06
1986	3	1709.06	1849.74	1663.07	1818.61	1674500	1818.61
1986	4	1818.61	1870.16	1712.52	1783.98	1539954	1783.98
1986	5	1783.98	1898.22	1746.53	1876.71	1348304	1876.71
1986	6	1876.71	1908.62	1816.07	1892.72	1326047	1892.72
1986	7	1892.72	1922.67	1741.56	1775.31	1428454	1775.31
1986	8	1775.31	1918.59	1730.6	1898.34	1346285	1898.34
1986	9	1898.34	1933.35	1732.99	1767.58	1567238	1767.58
1986	10	1767.58	1894.69	1761.25	1877.71	1375626	1877.71
1986	11	1877.71	1926.46	1797.1	1914.23	1597031	1914.23
1986	12	1914.23	1971.74	1880.48	1895.95	1545486	1895.95
1987	1	1897.36	2214.57	1897.36	2158.04	2002038	2158.04
1987	2	2158.04	2266.45	2134.42	2223.99	1909526	2223.99
1987	3	2223.99	2399.57	2209.08	2304.69	1880409	2304.69
1987	4	2304.69	2428.41	2180.54	2286.36	1959428	2286.36
1987	5	2286.36	2380.77	2188.53	2291.57	1785600	2291.57
1987	6	2291.57	2466.04	2260.62	2418.53	1709318	2418.53
1987	7	2418.53	2588.33	2391.26	2572.07	1885590	2572.07
1987	8	2572.07	2746.65	2525.99	2662.95	2013428	2662.95
1987	9	2662.95	2695.47	2468.99	2596.28	1860142	2596.28
1987	10	2596.28	2662.37	1616.21	1993.53	2908136	1993.53
1987	11	1993.53	2027.52	1795.26	1833.55	1929215	1833.55
1987	12	1833.55	2019.56	1733.92	1938.83	1862222	1938.83
1988	1	1950.76	2075.27	1845.99	1958.22	1853290	1958.22
1988	2	1958.22	2078.08	1878.15	2071.62	1964645	2071.62
1988	3	2071.62	2110.91	1951.26	1988.06	1822969	1988.06
1988	4	1988.06	2121.35	1968	2032.33	1698190	2032.33
1988	5	2032.33	2071.95	1921.58	2031.12	1656657	2031.12
1988	6	2031.12	2169.1	2021.34	2141.71	2060963	2141.71
1988	7	2141.71	2169.45	2047.3	2128.73	1765405	2128.73
1988	8	2128.73	2151.85	1978.66	2031.65	1503456	2031.65
1988	9	2027.56	2140.29	1988.44	2112.91	1540571	2112.91
1988	10	2112.91	2195.06	2082.33	2148.65	1694580	2148.65
1988	11	2148.65	2185.99	2026.67	2114.51	1419347	2114.51
1988	12	2114.51	2193.75	2075.39	2168.57	1415290	2168.57
1989	1	2168.39	2350.18	2127.14	2342.32	1774414	2342.32
1989	2	2342.32	2369.29	2232.14	2258.39	1770373	2258.39
1989	3	2258.39	2351.07	2234.46	2293.62	1670677	2293.62
1989	4	2293.62	2433.1	2282.07	2418.8	1697820	2418.8
1989	5	2418.8	2521.63	2356.3	2480.15	1777204	2480.15
1989	6	2480.15	2544.95	2412.94	2440.06	1880490	2440.06
1989	7	2440.06	2668.25	2431.53	2660.66	1707840	2660.66
1989	8	2660.66	2758.73	2619.71	2737.27	1779965	2737.27
1989	9	2737.27	2768.24	2636.78	2692.82	1595165	2692.82
1989	10	2692.82	2809.08	2496.93	2645.08	1903986	2645.08
1989	11	2645.08	2718.22	2563.11	2706.27	1516838	2706.27
1989	12	2706.27	2784.77	2658.7	2753.2	1679680	2753.2
1990	1	2753.2	2834.04	2513.06	2590.54	1810413	2590.54
1990	2	2590.54	2674.32	2540.99	2627.25	1656005	2627.25
1990	3	2627.25	2775	2607.88	2707.21	1555736	2707.21
1990	4	2707.21	2793.47	2627.7	2656.76	1461990	2656.76
1990	5	2656.76	2908.21	2651.35	2876.66	1710168	2876.66
1990	6	2876.66	2956.93	2821.53	2880.69	1605614	2880.69
1990	7	2880.69	3024.26	2833.17	2905.2	1687680	2905.2
1990	8	2905.2	2931.19	2459.41	2614.36	1787278	2614.36
1990	9	2614.36	2665.35	2367.82	2452.48	1519163	2452.48
1990	10	2452.48	2565.35	2344.31	2442.33	1663765	2442.33
1990	11	2442.33	2581.19	2415.59	2559.65	1590757	2559.65
1990	12	2559.65	2662.62	2534.65	2633.66	1615420	2633.66
1991	1	2633.66	2747.28	2447.03	2736.39	1756063	2736.39
1991	2	2736.39	2955.2	2694.31	2882.18	2379289	2882.18
1991	3	2882.18	3017.82	2829.21	2913.86	2038805	2913.86
1991	4	2913.86	3030.45	2848.51	2887.87	1918554	2887.87
1991	5	2887.87	3044.5	2834.53	3027.5	1808681	3027.5
1991	6	3027.5	3057.47	2879.25	2906.75	1702875	2906.75
1991	7	2911.67	3039.58	2897.36	3024.82	1651250	3024.82
1991	8	3024.82	3068.65	2836.31	3043.6	1761336	3043.6
1991	9	3043.6	3066.64	2963.1	3016.77	1694185	3016.77
1991	10	3016.77	3091.01	2925.54	3069.1	1846104	3069.1
1991	11	3069.1	3091.91	2861.14	2894.68	1898305	2894.68
1991	12	2894.68	3204.61	2832.29	3168.83	2093947	3168.83
1992	1	3168.83	3313.51	3119.86	3223.39	2473686	3223.39
1992	2	3223.39	3307.47	3193.42	3267.67	2340010	3267.67
1992	3	3267.67	3318.42	3176.21	3235.47	1922595	3235.47
1992	4	3235.47	3387.97	3141.77	3359.12	2155023	3359.12
1992	5	3359.12	3433.98	3316.64	3396.88	1914380	3396.88
1992	6	3396.88	3435.27	3242.32	3318.52	2002095	3318.52
1992	7	3318.52	3414.85	3255.43	3393.78	2010454	3393.78
1992	8	3393.78	3413.23	3200.86	3257.35	1810933	3257.35
1992	9	3257.35	3391.35	3226.55	3271.66	1990833	3271.66
1992	10	3271.66	3291.39	3087.41	3226.28	2121500	3226.28
1992	11	3226.28	3326.51	3176.84	3305.16	2182045	3305.16
1992	12	3305.16	3364.87	3229.79	3301.11	2270536	3301.11
1993	1	3301.11	3338.12	3219.25	3310.03	2749880	3310.03
1993	2	3310.03	3472.94	3262.48	3370.81	2942757	3370.81
1993	3	3370.81	3497.25	3334.07	3435.11	2583095	3435.11
1993	4	3435.11	3499.41	3338.39	3427.55	2870852	3427.55
1993	5	3427.55	3582.23	3402.42	3527.43	2652505	3527.43
1993	6	3527.43	3577.25	3445.77	3516.08	2640650	3516.08
1993	7	3516.08	3604.86	3443.28	3539.47	2640885	3539.47
1993	8	3539.47	3681.71	3523.54	3651.25	2607936	3651.25
1993	9	3651.25	3665.5	3501.47	3555.12	2769080	3555.12
1993	10	3555.12	3713.57	3541.71	3680.59	2957923	3680.59
1993	11	3680.59	3749.9	3585.86	3683.95	2941657	3683.95
1993	12	3683.95	3818.92	3673.33	3754.09	2709190	3754.09
1994	1	3754.09	4002.84	3715.24	3978.36	3310919	3978.36
1994	2	3978.36	3998.06	3811.76	3832.02	3220857	3832.02
1994	3	3832.02	3911.78	3544.12	3635.96	3327460	3635.96
1994	4	3633.08	3733.15	3520.8	3681.69	3172631	3681.69
1994	5	3681.69	3788.76	3609.71	3758.37	2806771	3758.37
1994	6	3758.37	3839.88	3603.92	3624.96	2791927	3624.96
1994	7	3624.96	3782.63	3611.04	3764.5	2620810	3764.5
1994	8	3764.5	3954.54	3722.41	3913.42	2935904	3913.42
1994	9	3913.42	3972.72	3804.5	3843.19	3070933	3843.19
1994	10	3843.19	3958.25	3736.2	3908.12	3160104	3908.12
1994	11	3908.12	3919.9	3612.05	3739.23	3122176	3739.23
1994	12	3739.23	3882.21	3638.97	3834.44	3145571	3834.44
1995	1	3834.44	3955.56	3794.4	3843.86	3456933	3843.86
1995	2	3843.86	4034.62	3809.21	4011.05	3500357	4011.05
1995	3	4011.05	4213.71	3935.31	4157.69	3539695	4157.69
1995	4	4157.69	4348.94	4129.68	4321.27	3482052	4321.27
1995	5	4321.27	4480.7	4278.73	4465.14	3596068	4465.14
1995	6	4465.14	4614.2	4394.59	4556.1	3575054	4556.1
1995	7	4556.1	4767.99	4530.26	4708.47	3797610	4708.47
1995	8	4708.47	4772.56	4552.8	4610.56	3233560	4610.56
1995	9	4610.56	4839.48	4594.71	4789.08	3694780	4789.08
1995	10	4789.08	4845.08	4638.43	4755.48	3824750	4755.48
1995	11	4755.48	5143.13	4719.72	5074.49	3814271	5074.49
1995	12	5074.49	5266.69	5016.68	5117.12	3772975	5117.12
1996	1	5117.12	5433.24	5000.07	5395.3	4391027	5395.3
1996	2	5395.3	5693.36	5319.43	5485.62	4608095	5485.62
1996	3	5485.62	5755.86	5395.3	5587.14	4475100	5587.14
1996	4	5587.14	5737.07	5382.66	5569.08	4414314	5569.08
1996	5	5569.08	5833.04	5327.74	5643.18	4214950	5643.18
1996	6	5643.18	5770.61	5559.69	5654.63	4199580	5654.63
1996	7	5654.63	5769.88	5170.11	5528.91	3917640	5528.91
1996	8	5528.91	5761.95	5507.83	5616.21	3472140	5616.21
1996	9	5616.21	5952.08	5550.37	5882.17	4232010	5882.17
1996	10	5882.17	6162.8	5833.72	6029.38	4433843	6029.38
1996	11	6029.38	6606.3	5975.34	6521.7	4529680	6521.7
1996	12	6521.7	6623.96	6206.83	6448.27	4518538	6448.27
1997	1	6448.27	6953.55	6318.96	6813.09	5551118	6813.09
1997	2	6813.09	7112.87	6683.4	6877.74	5382494	6877.74
1997	3	6877.74	7158.28	6532.49	6583.48	5293245	6583.48
1997	4	6583.48	7081.23	6315.84	7008.99	5011122	7008.99
1997	5	7008.99	7430.2	6891.39	7331.04	5068504	7331.04
1997	6	7331.04	7868.44	7214.29	7672.79	5437852	7672.79
1997	7	7672.79	8328.99	7613.53	8222.61	5684522	8222.61
1997	8	8222.61	8340.14	7580.85	7622.42	5247623	7622.42
1997	9	7650.99	8078.36	7556.23	7945.26	5700238	7945.26
1997	10	7945.26	8218.34	6936.45	7442.08	6371882	7442.08
1997	11	7443.07	7934.53	7334.77	7823.13	5454047	7823.13
1997	12	7823.62	8209.56	7563.23	7908.25	5648254	7908.25
1998	1	7908.25	8072.91	7391.59	7906.5	6673605	7906.5
1998	2	7987.46	8616.72	7987.46	8545.72	6437384	8545.72
1998	3	8528.78	8997.11	8377.32	8799.81	6542963	8799.81
1998	4	8818.5	9287.32	8715.61	9063.37	6834123	9063.37
1998	5	9106.47	9311.98	8760.95	8899.95	6016960	8899.95
1998	6	8907.93	9155.04	8524.55	8952.02	6504168	8952.02
1998	7	9011.56	9412.64	8786.48	8883.29	6745777	8883.29
1998	8	8868.1	8948.17	7517.7	7539.07	7613833	7539.07
1998	9	7583.09	8253.79	7379.7	7842.62	8340085	7842.62
1998	10	7749.42	8718.25	7399.78	8592.1	8539386	8592.1
1998	11	8645.65	9457.95	8573.56	9116.55	7069590	9116.55
1998	12	9039.57	9390.75	8610.63	9181.43	7227568	9181.43
1999	1	9212.84	9759.44	8994.26	9358.83	9016052	9358.83
1999	2	9405.43	9662.77	9025.41	9306.58	8073926	9306.58
1999	3	9315.27	10158.57	9163.41	9786.16	8229043	9786.16
1999	4	9825.29	11072.25	9707.91	10789.04	9266523	10789.04
1999	5	10788.75	11244.36	10372.96	10559.74	8265110	10559.74
1999	6	10549.08	11120.24	10334.42	10970.8	7816440	10970.8
1999	7	10972.39	11321.61	10594.99	10655.15	7652252	10655.15
1999	8	10654.83	11428.94	10487.34	10829.28	7581931	10829.28
1999	9	10828.44	11218.39	10055.17	10336.95	8312523	10336.95
1999	10	10335.69	10883.1	9884.2	10729.86	9501190	10729.86
1999	11	10730.78	11195.34	10449.42	10877.81	9207771	10877.81
1999	12	10876.47	11658.68	10798.07	11497.12	9097609	11497.12
2000	1	11501.85	11908.5	10610.43	10940.53	11244100	10940.53
2000	2	10937.74	11228.44	9760.36	10128.31	11058150	10128.31
2000	3	10128.11	11311.28	9611.75	10921.92	11905913	10921.92
2000	4	10863.28	11600.43	10128.62	10733.91	11100557	10733.91
2000	5	10749.42	11086.72	10163.2	10522.33	9481272	10522.33
2000	6	10532.27	11013.05	10161.51	10447.89	10544545	10447.89
2000	7	10450.36	10980.34	10303.28	10521.98	10020850	10521.98
2000	8	10523.81	11415.99	10428.58	11215.1	9309608	11215.1
2000	9	11219.54	11518.83	10439.31	10650.92	11017700	10650.92
2000	10	10659.06	11108.79	9571.4	10971.14	12417181	10971.14
2000	11	10966.21	11152.02	10204.8	10414.49	10342300	10414.49
2000	12	10416.76	11044.7	10158.16	10787.99	11620655	10787.99
2001	1	10790.92	11224.41	10325.71	10887.36	12151623	10887.36
2001	2	10884.82	11140.09	10225.14	10495.28	12036684	10495.28
2001	3	10493.25	10940.45	9047.56	9878.78	13221550	9878.78
2001	4	9877.16	10973.15	9303.48	10734.97	13272245	10734.97
2001	5	10734.05	11436.42	10638.48	10911.94	11705681	10911.94
2001	6	10913.57	11236.68	10313.4	10502.4	12657328	10502.4
2001	7	10504.95	10758.14	10049.38	10522.81	11868052	10522.81
2001	8	10527.38	10663.07	9829.35	9949.75	10556217	9949.75
2001	9	9946.98	10238.5	7926.93	8847.56	17899060	8847.56
2001	10	8845.97	9626.54	8659.9	9075.14	13610339	9075.14
2001	11	9087.45	10054.58	8987.61	9851.56	13177904	9851.56
2001	12	9848.93	10220.78	9651.87	10021.57	13036085	10021.57
2002	1	10021.71	10345.4	9443.32	9920	14906285	9920
2002	2	9923.04	10315.72	9503.52	10106.13	14442000	10106.13
2002	3	10111.04	10728.87	10086.51	10403.94	13855400	10403.94
2002	4	10402.07	10437.43	9767.15	9946.22	13726136	9946.22
2002	5	9944.9	10400.62	9749.73	9925.25	12796136	9925.25
2002	6	9923.94	10016.04	8831.92	9243.26	15210395	9243.26
2002	7	9239.25	9433.08	7489.53	8736.59	20126400	8736.59
2002	8	8732.58	9129.1	7991.43	8663.5	13740136	8663.5
2002	9	8659.27	8767.82	7422.28	7591.93	14739590	7591.93
2002	10	7593.04	8607.04	7181.47	8397.03	17172873	8397.03
2002	11	8395.64	8995.78	8237.65	8896.09	14881610	8896.09
2002	12	8902.95	9076.35	8214.93	8341.63	12896257	8341.63
2003	1	8342.38	8896.09	7884.66	8053.81	15394338	8053.81
2003	2	8053.74	8189.35	7602.81	7891.08	14004526	7891.08
2003	3	7890.24	8552.08	7397.31	7992.13	15035966	7992.13
2003	4	7992.83	8587.72	7947.38	8480.09	14985771	8480.09
2003	5	8478.48	8897.04	8328.55	8850.26	15543285	8850.26
2003	6	8851.45	9406.5	8823.51	8985.44	15622190	8985.44
2003	7	8983.66	9398.02	8843.61	9233.8	15073272	9233.8
2003	8	9232.68	9535.97	8964.13	9415.82	12298366	9415.82
2003	9	9416.67	9719.49	9199.43	9275.06	15014576	9275.06
2003	10	9275.06	9901.64	9275.06	9801.12	14694521	9801.12
2003	11	9802.46	9945.71	9556.68	9782.46	13131810	9782.46
2003	12	9785.35	10494.44	9777.64	10453.92	13121195	10453.92
2004	1	10452.74	10748.81	10341.19	10488.07	17227500	10488.07
2004	2	10487.78	10794.95	10394.81	10583.92	15540000	10583.92
2004	3	10582.25	10720.14	9975.86	10357.7	15286347	10357.7
2004	4	10357.52	10596.37	10198.39	10225.57	15831714	10225.57
2004	5	10227.27	10403.14	9822.1	10188.45	15249500	10188.45
2004	6	10187.18	10530.01	10104.07	10435.48	13811095	10435.48
2004	7	10434	10473.23	9874.38	10139.71	14563714	10139.71
2004	8	10138.45	10235.49	9746.6	10173.92	12602272	10173.92
2004	9	10170.12	10390.64	9950.71	10080.27	13608509	10080.27
2004	10	10082.04	10313.81	9660.18	10027.47	15719904	10027.47
2004	11	10028.73	10655.09	9953.29	10428.02	15244657	10428.02
2004	12	10425.8	10895.1	10389.81	10783.01	14495272	10783.01
2005	1	10783.75	10892.67	10317.1	10489.94	16586450	10489.94
2005	2	10489.72	10889.78	10464.38	10766.23	16364678	10766.23
2005	3	10794.98	11027.15	10351.76	10503.76	18740172	10503.76
2005	4	10504.57	10600.56	9961.52	10192.51	21803157	10192.51
2005	5	10192	10589.92	10062.76	10467.48	19601271	10467.48
2005	6	10462.86	10710.38	10229.4	10274.97	19292513	10274.97
2005	7	10273.59	10754.6	10142.24	10640.91	19609400	10640.91
2005	8	10641.78	10746.87	10321.42	10481.6	19302434	10481.6
2005	9	10481.44	10667.1	10382.09	10633.5	24843775	10633.5
